26 36
43 45
13 21
9 33
17 49
3 43
6 13
30 43
1 12
7 26
12 35
11 30
2 26
28 47
37 45
5 18
13 40
22 24
19 24
3 16
14 48
20 44
24 40
40 44
7 34
4 10
12 37
30 47
5 13
25 39
18 40
31 45
23 27
8 27
0 29
42 49
14 19
30 36
30 47
22 28
9 38
37 47
13 21
19 31
6 21
12 17
10 35
11 43
4 34
12 28
34 41
21 38
21 29
1 41
11 27
34 45
16 42
3 34
4 15
11 48
24 38
14 19
15 19
5 25
11 39
6 44
12 45
24 38
27 40
8 28
20 35
20 39
11 33
36 41
43 48
3 13
0 24
13 47
39 42
26 35
13 17
26 31
3 33
36 39
28 35
18 30
7 12
2 31
39 40
22 36
9 28
2 35
27 46
11 20
2 24
0 40
13 18
8 36
1 43
39 47
35 36
10 35
12 24
27 31
17 42
8 34
21 35
7 32
3 4
0 23
21 43
4 45
3 14
10 26
37 38
17 21
20 34
33 46
1 44
25 45
17 30
0 38
21 35
36 41
23 39
18 23
8 25
22 26
22 35
30 44
14 43
6 14
24 44
9 30
7 23
8 10
4 36
1 22
6 16
21 28
37 43
5 48
18 35
7 26
3 13
44 46
3 25
3 37
17 24
22 32
