0 33
0 45
0 40
0 38
0 35
1 47
1 25
1 38
1 35
1 4
2 36
2 45
2 46
2 33
3 24
3 31
3 49
3 45
3 29
3 21
3 34
3 30
3 23
4 36
4 47
4 13
4 33
4 14
5 48
5 31
5 42
5 16
6 35
6 44
6 18
6 40
6 43
7 36
7 26
7 28
7 38
7 27
8 30
8 39
8 22
8 17
8 43
8 44
9 26
9 41
9 46
9 16
10 40
10 34
11 47
11 44
11 24
11 28
11 41
11 48
11 15
12 37
12 19
12 27
12 42
12 20
12 10
13 43
13 35
13 45
13 48
13 17
14 43
14 25
14 44
15 13
16 36
17 27
17 34
17 39
17 29
17 26
18 37
18 30
18 28
18 44
19 47
19 35
20 24
20 39
20 45
20 19
21 49
21 18
21 14
21 47
21 42
22 43
22 28
22 41
22 45
22 39
22 24
23 21
23 24
24 30
24 31
24 38
25 46
25 45
26 35
26 40
26 25
27 34
27 35
27 43
28 21
28 10
30 39
30 13
30 38
30 32
31 28
33 12
34 40
34 23
35 36
36 26
36 12
37 48
37 35
37 43
37 44
39 34
39 32
39 35
40 24
42 31
43 23
43 36
44 40
44 196
44 202
44 776
44 215
44 1265
196 1558
197 539
199 497
199 503
199 667
199 895
199 899
199 1023
199 1321
199 1344
199 1657
199 2025
200 1217
202 1897
205 776
205 1400
206 1806
209 304
209 1286
211 897
213 1229
214 220
214 878
214 1614
215 270
215 424
215 804
215 895
215 1219
215 1611
215 1676
215 1890
215 1948
216 947
218 241
218 581
218 703
218 855
218 1425
218 2020
219 1520
220 1380
223 1171
223 1608
224 308
224 388
224 515
224 521
224 525
224 539
224 548
224 591
224 827
224 835
224 899
224 1023
224 1078
224 1095
224 1244
224 1256
224 1386
224 1430
224 1511
224 1534
224 1650
224 1657
224 1980
224 2055
225 1597
226 308
228 629
228 1863
229 916
230 690
230 734
230 1490
230 1494
233 534
233 1650
235 752
235 776
237 1170
237 1721
238 323
239 502
239 576
239 617
239 675
239 918
239 968
239 1170
239 1229
239 1305
239 1313
239 1379
239 1454
239 1469
239 1538
239 1560
239 1634
239 1873
239 1889
239 1899
239 1909
239 1941
239 2008
239 2018
241 581
241 1045
241 1931
241 2020
244 583
244 913
244 1298
244 1318
244 1531
244 1774
246 1296
249 1650
254 2025
255 802
258 537
261 1044
261 1207
264 1874
264 1897
265 487
265 554
265 747
265 790
265 1062
265 1087
265 1110
265 1195
265 1306
265 1381
265 1539
265 1608
265 1690
266 1588
267 1811
268 493
268 1057
270 1611
270 1858
270 1890
271 319
271 408
271 800
271 824
271 892
271 1052
271 1774
271 1799
271 1918
271 2016
272 323
272 576
272 629
272 1170
272 1247
272 1289
272 1305
272 1454
272 1462
272 1538
272 1639
272 1795
272 1819
272 1863
273 828
273 1126
273 1397
273 1765
273 1850
274 611
275 1765
277 589
277 690
284 609
284 1138
284 1637
284 1732
286 1035
286 1514
290 817
292 1217
294 535
294 1021
295 886
295 1819
295 1941
298 1400
298 1896
299 626
299 1596
299 1721
300 1217
301 615
302 503
302 776
302 1023
303 1115
303 1506
303 1736
303 1963
304 1138
304 1172
304 1286
304 1544
304 2057
305 1992
306 690
306 1926
308 539
308 576
308 591
308 827
308 1023
308 1650
310 354
310 655
310 995
310 1456
310 1698
310 1972
311 517
311 761
311 1080
311 1309
311 1629
314 768
315 480
315 1398
318 1698
319 516
319 790
319 1153
319 1647
319 1671
319 2016
320 1491
320 1876
322 459
322 800
322 865
322 1486
323 362
323 373
323 500
323 509
323 576
323 582
323 639
323 675
323 1054
323 1084
323 1170
323 1229
323 1245
323 1247
323 1300
323 1352
323 1376
323 1413
323 1469
323 1497
323 1620
323 1709
323 1795
323 1873
324 988
324 1021
324 1203
324 1470
329 1445
330 1863
334 1293
335 537
335 982
335 1007
335 1263
335 1509
335 1618
335 1659
335 1677
339 627
339 993
339 1329
340 1597
340 2050
343 601
345 898
348 569
348 1782
349 515
350 687
351 1925
352 473
352 1027
353 1087
354 365
354 827
354 1180
354 2009
356 1244
356 1389
356 1441
356 1676
356 1890
356 1948
356 2025
357 1300
357 1376
358 1241
359 1456
360 1451
360 1735
360 2013
362 1229
362 1352
362 1621
364 615
368 478
371 1104
371 1170
371 1596
373 1379
374 844
374 1295
374 1338
374 1665
374 1861
374 1926
374 1992
375 535
376 704
376 886
376 918
376 1195
376 1271
378 734
378 1494
378 1517
383 483
383 675
384 699
384 1495
388 525
388 926
388 1023
391 707
391 1896
392 736
392 928
392 1409
392 1513
392 1655
394 1152
394 1265
394 1380
394 1491
394 1560
395 572
395 1217
396 1392
396 1720
396 1739
397 1789
399 1176
399 1338
404 1229
404 1582
404 1709
406 1329
408 442
408 627
408 1052
408 1199
408 1774
410 1177
412 487
412 1506
413 1757
413 1910
415 968
415 1949
419 986
419 1211
420 844
420 1241
420 1907
422 582
424 1611
424 1890
425 682
425 1777
427 1975
428 535
432 1909
436 503
436 1160
436 1290
437 986
437 1211
437 1757
437 1916
438 1008
439 1112
442 512
442 854
442 955
442 1298
442 1451
442 1506
442 1531
442 1583
442 1677
442 1797
