19 970
19 3766
19 5535
19 8792
19 9235
19 13111
19 20870
19 21111
19 23290
19 24166
19 25060
19 26132
19 27435
19 28287
19 34144
19 34335
19 34358
19 36572
45 3985
45 4318
45 9323
45 19920
45 25184
161 24450
161 30604
161 32075
164 2054
164 4411
164 5661
164 10276
164 10423
164 11891
164 14568
164 15847
164 15903
164 17167
164 20345
164 21266
164 27606
164 29276
164 30291
164 34993
219 19313
219 25848
219 27182
241 2654
241 15319
241 16686
241 17093
241 21140
241 21357
241 22282
241 23400
241 25460
241 26791
241 29125
241 30407
241 31770
278 10066
278 15273
278 18058
278 19224
278 23758
278 26557
278 28113
301 400
301 17132
301 35534
312 1938
312 3007
312 10007
312 10847
312 17610
312 18582
312 31735
312 33516
320 1938
320 2595
320 10007
320 10847
320 17610
320 18117
320 18582
320 31735
320 33516
327 1066
327 1945
327 3066
327 4063
327 4336
327 4424
327 5059
327 5532
327 6057
327 6350
327 6645
327 6924
327 9265
327 9475
327 10572
327 12398
327 12792
327 13033
327 13217
327 14062
327 14495
327 15188
327 18219
327 18621
327 19247
327 19579
327 19657
327 19735
327 21477
327 21886
327 21932
327 22209
327 22451
327 23626
327 23719
327 24047
327 24565
327 25694
327 26904
327 27019
327 30237
327 32613
327 33019
327 34882
327 35748
327 36477
327 36646
327 36731
362 3497
362 3793
362 8681
362 9388
362 18963
400 976
400 4365
400 5901
400 8313
400 13844
400 16164
400 16583
400 16852
400 17132
400 17369
400 18221
400 23438
400 23551
400 29199
400 31013
400 34242
400 35534
400 36801
483 5059
483 5532
483 12591
483 15188
483 18219
483 18621
483 34882
483 36134
483 36477
540 2422
540 22879
540 28096
545 12195
545 15829
545 28457
545 33833
565 6878
565 15041
565 15309
565 16500
565 18956
565 25609
565 28223
565 31081
595 5059
595 6350
595 12792
595 14062
595 15188
595 18621
595 24565
595 36477
698 15273
698 19389
698 20910
698 30234
698 31249
698 36224
708 5502
708 6202
708 7201
708 12646
729 1725
729 1801
729 3118
729 3157
729 4104
729 5916
729 6536
729 6812
729 9304
729 12195
729 12544
729 15171
729 15251
729 18403
729 18555
729 19738
729 21280
729 21823
729 21875
729 26375
729 28457
729 33833
729 33952
729 35287
729 35953
739 1275
739 1396
739 3424
739 5441
739 9878
739 12797
739 13012
739 27622
739 31804
739 33176
742 6494
742 10663
742 17565
742 18756
742 20818
742 25882
742 28191
742 32218
764 2260
764 2450
764 3619
764 3848
764 4518
764 6387
764 6627
764 9700
764 14105
764 14638
764 14756
764 24316
764 25882
764 28079
764 29087
764 31172
764 33543
764 35920
764 36305
936 5020
936 5778
936 6719
936 7381
936 10730
936 19389
936 23253
936 24889
936 28270
936 30234
936 30525
936 33635
970 3766
970 5535
970 8792
970 9235
970 13111
970 20870
970 21111
970 23290
970 24166
970 25060
970 26132
970 27435
970 28287
970 34144
970 34335
970 34358
970 36572
971 2641
971 3439
971 5955
971 8605
971 19085
971 22518
971 22886
971 29027
971 33614
971 36118
971 36987
976 31013
976 35534
976 36801
1017 5530
1017 6875
1017 8091
1017 8983
1017 14577
1017 14686
1017 14799
1017 16010
1017 16254
1017 20261
1017 21096
1017 30444
1017 31625
1017 35846
1017 36510
1017 36715
1023 3285
1023 9996
1023 12896
1023 17163
1023 18196
1023 20200
1023 22010
1023 28396
1023 30123
1023 31156
1023 35075
1037 3619
1037 6387
1037 6627
1037 21795
1037 33543
1037 36305
1066 4063
1066 5532
1066 6057
1066 6645
1066 9265
1066 9475
1066 12792
1066 14062
1066 15188
1066 18219
1066 18621
1066 21477
1066 22209
1066 30237
1066 36134
1066 36477
1066 36731
1074 2654
1074 3061
1074 3258
1074 5818
1074 10540
1074 10705
1074 13730
1074 17475
1074 19625
1074 21140
1074 23574
1074 24123
1074 29015
1074 31994
1074 32534
1218 32017
1218 33287
1218 33488
1225 5661
1225 6097
1225 13577
1225 14568
1225 21266
1225 22688
1225 24079
1225 28118
1225 30291
1225 31973
1225 34993
1225 36482
1269 3246
1269 3649
1269 5217
1269 14028
1269 14748
1269 17982
1269 28691
1269 35151
1269 35239
1269 36961
1275 1396
1275 12797
1275 13012
1275 27622
1275 31804
1275 33176
1330 5549
1330 9033
1330 9139
1330 9466
1330 11164
1330 20415
1330 23938
1330 26284
1330 29092
1330 30128
1330 32220
1338 2054
1338 4411
1338 17167
1338 21266
1355 7071
1355 15035
1355 15427
1355 16821
1355 18337
1355 30666
1355 31101
1391 2269
1391 8594
1391 12646
1391 27192
1396 3424
1396 5441
1396 9878
1396 12797
1396 13012
1396 27622
1396 31804
1396 33176
1420 16134
1420 23437
1420 26341
1420 36433
1528 3251
1528 6916
1528 15847
1528 20345
1528 20450
1528 20844
1528 28138
1617 4132
1617 5060
1617 5364
1617 9323
1617 14911
1617 15961
1617 18751
1617 18945
1617 20075
1617 21055
1617 21164
1617 22759
1617 28987
1617 29152
1617 29925
1617 31108
1617 33159
1617 33358
1617 37043
1619 7182
1619 11859
1619 18873
1619 20759
1619 26766
1619 31292
1619 34993
1703 3073
1703 14224
1703 22828
1703 35683
1703 36481
1725 1801
1725 1895
1725 3157
1725 6812
1725 10517
1725 12195
1725 15829
1725 18403
1725 19738
1725 20219
1725 20423
1725 21823
1725 21875
1725 27922
1725 28457
1725 33833
1725 33952
1801 3118
1801 3157
1801 4104
1801 5916
1801 6812
1801 9304
1801 10517
1801 12185
1801 12195
1801 12544
1801 15251
1801 18403
1801 21823
1801 21875
1801 27922
1801 28457
1801 33833
1801 35953
1895 12195
1895 28457
1895 33833
1938 2595
1938 3007
1938 4350
1938 4455
1938 10007
1938 10768
1938 10847
1938 16425
1938 17557
1938 17610
1938 18117
1938 18582
1938 19029
1938 23605
1938 25803
1938 30631
1938 31735
1938 31815
1938 31857
1938 31902
1945 3066
1945 4063
1945 4336
1945 5059
1945 5096
1945 5532
1945 6057
1945 6350
1945 6645
1945 6924
1945 9383
1945 9475
1945 11524
1945 12398
1945 12591
1945 12792
1945 13033
1945 13568
1945 14062
1945 14495
1945 15188
1945 18219
1945 18621
1945 19247
1945 19735
1945 21477
1945 22209
1945 24047
1945 24565
1945 25238
1945 25694
1945 29840
1945 30237
1945 34882
1945 35748
1945 36134
1945 36477
1945 36731
1991 2195
1991 2777
1991 9629
1991 11968
1991 13250
1991 18402
1991 22642
1991 25294
1991 30390
1991 34032
1991 34170
1994 3320
1994 4399
1994 8696
1994 18829
1994 20825
1994 20984
1994 21259
1994 21289
1994 23036
1994 24224
1994 29861
1994 33244
1994 35255
2054 4411
2054 6237
2054 10276
2054 15903
2054 17167
2054 21266
2054 27606
2054 29276
2054 34993
2188 3083
2188 26391
2188 30822
2188 35841
2191 3849
2191 21357
2191 24188
2191 28146
2191 32140
2191 33657
2195 2777
2195 3497
2195 9388
2195 9629
2195 10034
2195 10936
2195 13250
2195 18737
2195 22642
2195 24899
2195 25294
2195 30390
2195 34032
2195 34170
2195 34793
2195 36057
2197 4738
2197 4978
2197 6617
2197 8064
2197 9457
2197 22730
2197 27238
2197 27381
2197 28763
2197 31101
2197 31485
2260 2450
2260 3619
2260 3848
2260 4518
2260 6387
2260 8291
2260 9700
2260 13673
2260 14105
2260 14638
2260 14756
2260 15079
2260 21795
2260 23863
2260 28079
2260 29087
2260 31172
2260 33543
2260 35920
2260 36305
2260 36896
2265 6024
2265 9819
2265 22150
2265 30876
2265 35904
2269 8594
2269 9581
2269 11866
2269 12336
2269 12646
2269 17368
2269 29568
2332 8881
2332 15367
2332 18220
2332 19256
2332 19675
2332 24045
2332 26775
2332 29599
2422 21001
2422 21037
2422 22879
2422 28096
2422 29574
2422 33393
2450 3619
2450 3848
2450 4518
2450 6387
2450 9700
2450 14105
2450 14638
2450 15079
2450 28079
2450 33543
2450 35920
2450 36305
2450 36896
2453 4738
2453 6129
2453 6617
2453 8064
2453 22286
2453 25244
2453 25288
2453 27381
2453 28763
2453 29514
2453 31101
2453 31485
2453 33307
2511 2595
2511 3007
2511 33516
2520 13360
2520 15805
2520 24030
2520 29711
2595 3007
2595 4439
2595 10007
2595 10174
2595 10768
2595 10847
2595 16425
2595 17557
2595 17610
2595 18117
2595 18582
2595 31735
2595 31857
2595 32722
2595 33516
2608 3941
2608 5689
2608 7809
2608 8009
2608 12843
2608 18791
2608 31895
2608 34531
2641 3439
2641 4971
2641 4972
2641 5955
2641 6263
2641 8605
2641 10382
2641 12425
2641 16313
2641 19085
2641 22087
2641 22380
2641 22518
2641 22886
2641 33614
2641 36118
2641 36987
2654 2911
2654 3172
2654 3604
2654 5616
2654 5818
2654 6293
2654 6508
2654 6676
2654 7973
2654 8432
2654 10705
2654 11287
2654 13144
2654 16335
2654 21140
2654 21876
2654 24421
2654 27732
2654 28724
2654 29125
2654 29585
2654 29787
2654 30139
2654 31104
2654 31586
2654 32719
2654 35263
2757 3334
2757 8187
2757 9032
2757 25560
2757 26923
2757 27231
2757 30031
2757 34736
2777 3497
2777 5226
2777 8681
2777 9388
2777 9629
2777 10034
2777 13250
2777 17963
2777 22642
2777 25294
2777 27972
2777 30390
2777 34032
2777 34170
2777 34454
2777 34793
2777 36057
2779 4455
2779 19029
2779 25803
2779 31815
2779 31857
2798 4971
2798 9929
2798 18850
2806 5370
2806 5434
2806 6675
2806 23544
2806 33840
2806 34287
2879 3672
2879 5723
2879 7908
2879 11328
2879 13128
2879 14314
2879 26558
2879 29597
2879 32269
2879 33873
2879 36046
2894 20754
2894 27180
2894 36235
2911 3172
2911 5905
2911 6978
2911 13068
2911 13646
2911 16391
2911 16881
2911 27670
2911 31586
2911 32075
2926 4738
2926 6617
2926 19440
2926 20452
2926 22840
2926 24409
2926 25353
2926 27238
2926 27381
2926 31399
2926 33307
2993 4978
2993 6617
2993 13797
2993 20452
2993 24318
2993 25353
2993 27238
2993 31101
2993 31399
2993 33776
3007 3941
3007 4439
3007 10007
3007 10174
3007 10768
3007 10847
3007 14999
3007 16425
3007 17610
3007 18582
3007 31735
3007 31857
3007 33516
3007 35593
3061 3258
3061 13730
3061 17475
3061 24123
3066 4063
3066 4424
3066 5532
3066 6057
3066 6350
3066 6645
3066 9475
3066 15188
3066 18219
3066 18621
3066 19247
3066 19735
3066 21477
3066 22209
3066 24047
3066 24565
3066 25238
3066 34882
3066 36477
3066 36731
3073 14224
3073 15260
3073 20975
3073 24429
3073 25447
3073 28951
3073 31104
3073 31933
3073 31994
3073 35683
3075 10427
3075 16365
3075 24233
3075 24961
3075 26270
3075 31531
3075 33049
3075 36023
3076 6675
3076 31066
3076 34287
3083 9117
3083 11183
3083 12027
3083 18505
3083 26391
3083 30822
3083 35841
3083 36546
3113 13360
3113 15805
3113 29711
3118 3157
3118 9304
3118 10517
3118 12195
3118 18403
3118 18555
3118 19738
3118 21823
3118 27922
3118 28457
3118 31383
3118 33833
3118 33952
3144 7266
3144 16883
3144 21720
3157 10517
3157 12185
3157 12195
3157 12544
3157 15171
3157 15829
3157 18489
3157 21823
3157 21875
3157 26375
3157 27922
3157 28457
3157 33833
3172 5905
3172 6752
3172 6978
3172 10914
3172 12275
3172 13068
3172 13144
3172 16335
3172 16391
3172 16881
3172 21140
3172 21876
3172 24992
3172 27670
3172 28724
3172 29585
3172 29827
3172 30604
3172 30873
3172 31576
3172 31586
3172 32075
3172 32719
3172 32989
3172 34030
3195 14638
3195 17565
3195 18756
3195 20818
3195 24636
3195 25882
3195 26899
3195 28191
3195 32218
3204 7491
3204 8086
3204 9390
3204 24940
3204 30054
3204 34620
3204 35752
3246 3649
3246 5217
3246 14028
3246 14748
3246 17982
3246 35151
3246 35239
3246 36961
3251 6916
3251 20450
3251 28138
3251 30642
3258 10540
3258 13730
3258 17475
3258 19625
3258 23574
3258 24123
3258 31994
3285 9996
3285 12024
3285 12896
3285 18535
3285 19765
3285 27137
3304 9653
3304 18385
3304 33160
3304 35172
3304 35189
3304 35849
3320 4399
3320 5115
3320 8696
3320 18829
3320 20825
3320 20984
3320 21259
3320 21289
3320 23036
3320 29861
3320 33244
3320 35255
3334 8187
3334 9032
3334 20354
3334 25560
3334 26923
3334 27068
3334 27231
3334 30031
3334 31684
3334 34227
3334 34736
3334 36244
3424 12797
3424 31804
3424 33176
3439 5955
3439 8605
3439 10382
3439 16313
3439 19085
3439 22886
3439 36987
3454 8209
3454 10427
3454 31531
3454 36023
3497 3793
3497 4007
3497 5226
3497 8496
3497 8681
3497 9388
3497 9629
3497 10034
3497 10936
3497 11968
3497 13250
3497 17963
3497 18737
3497 18963
3497 19786
3497 20234
3497 20727
3497 20972
3497 21231
3497 24899
3497 27972
3497 35136
3527 15829
3527 21823
3527 27922
3527 28457
3527 31383
3527 33833
3554 5060
3554 15658
3554 15961
3554 16645
3554 16914
3554 17157
3554 18075
3554 20178
3554 21758
3554 26366
3554 29463
3571 5881
3571 27285
3571 31797
3571 33684
3571 36210
3573 5860
3573 9664
3573 10427
3573 26679
3573 33049
3573 36023
3600 20234
3600 25248
3600 34454
3600 35136
3604 5818
3604 6508
3604 8432
3604 12346
3604 13144
3604 29335
3604 31104
3604 32534
3604 33302
3604 33874
3604 35263
3619 4518
3619 6387
3619 6627
3619 9437
3619 9700
3619 14105
3619 14638
3619 14756
3619 15079
3619 21795
3619 23863
3619 24316
3619 25882
3619 28079
3619 28191
3619 29087
3619 33543
3619 35920
3619 36305
3619 36896
3649 5217
3649 14028
3649 14748
3649 35151
3649 35239
3649 36961
3672 5723
3672 7908
3672 11328
3672 13128
3672 14314
3672 15362
3672 26558
3672 29597
3672 32269
3672 33873
3672 36046
3766 5535
3766 8792
3766 9235
3766 20870
3766 21111
3766 21215
3766 34144
3766 34335
3770 8432
3770 13144
3770 35263
3793 4007
3793 5226
3793 8681
3793 9629
3793 11968
3793 18737
3793 18963
3793 20727
3793 21231
3793 24899
3793 27972
3848 4518
3848 6387
3848 9437
3848 9700
3848 13673
3848 14105
3848 14638
3848 14756
3848 15079
3848 21795
3848 33543
3848 35920
3848 36305
3848 36896
3849 24188
3849 32140
3941 4439
3941 5689
3941 7809
3941 8009
3941 12843
3941 14999
3941 18791
3941 20066
3941 31895
3941 34531
3941 36794
3959 4917
3959 4928
3959 5060
3959 5245
3959 5364
3959 6737
3959 9138
3959 9323
3959 14911
3959 15961
3959 17809
3959 18075
3959 19803
3959 20075
3959 20164
3959 21055
3959 21164
3959 22382
3959 26366
3959 29152
3959 30505
3959 31108
3959 33358
3959 33362
3959 37043
3985 4318
3985 9323
3985 19920
3985 25184
4007 18963
4007 20727
4007 27972
4059 17787
4059 23733
4059 33160
4059 33479
4059 35172
4059 35189
4059 35849
4063 4336
4063 5059
4063 5532
4063 6057
4063 6350
4063 6645
4063 6924
4063 9383
4063 9475
4063 12398
4063 12591
4063 12792
4063 13033
4063 13568
4063 14062
4063 14495
4063 15188
4063 18219
4063 18621
4063 19213
4063 19247
4063 19735
4063 21477
4063 22209
4063 24047
4063 24565
4063 25694
4063 26904
4063 29840
4063 30237
4063 34882
4063 35748
4063 36134
4063 36477
4063 36731
4104 5916
4104 12185
4104 12195
4104 15829
4104 18403
4104 21823
4104 28457
4104 33833
4106 5059
4106 5532
4106 9475
4106 15188
4106 18219
4106 18621
4106 21477
4106 24047
4106 34882
4106 36134
4106 36477
4132 4768
4132 4917
4132 5060
4132 5364
4132 6218
4132 6618
4132 6737
4132 7383
4132 7491
4132 8054
4132 8066
4132 8735
4132 9323
4132 13914
4132 14911
4132 15658
4132 15961
4132 16155
4132 16645
4132 16742
4132 17278
4132 17515
4132 18075
4132 18751
4132 20075
4132 20164
4132 20178
4132 21055
4132 21806
4132 22090
4132 22382
4132 22759
4132 23220
4132 26366
4132 27298
4132 28002
4132 28500
4132 28987
4132 29333
4132 29463
4132 31162
4132 31612
4132 33358
4132 33362
4132 34344
4132 35017
4132 37043
4318 9323
4318 13417
4318 19920
4318 21933
4318 25184
4336 5059
4336 5532
4336 6057
4336 6645
4336 6924
4336 9383
4336 9475
4336 10572
4336 12398
4336 12591
4336 15188
4336 18219
4336 18621
4336 19213
4336 19247
4336 19735
4336 21477
4336 24047
4336 25694
4336 26904
4336 30237
4336 33183
4336 34882
4336 35748
4336 36477
4336 36731
4340 8247
4340 20754
4340 27180
4340 36235
4350 10768
4350 10847
4350 14999
4350 18117
4350 33516
4365 13844
4365 17132
4365 23551
4365 35534
4399 5115
4399 8696
4399 18829
4399 20825
4399 20984
4399 21259
4399 23036
4399 29861
4399 33244
4399 35255
4411 6237
4411 10276
4411 10423
4411 17167
4411 21266
4420 9253
4420 19997
4420 23421
4420 23437
4420 24523
4420 26341
4420 29135
4420 31141
4420 33536
4424 5059
4424 6057
4424 6350
4424 6924
4424 12591
4424 12792
4424 13568
4424 14062
4424 18219
4424 18621
4424 21477
4424 22209
4424 24565
4424 29840
4424 30237
4424 34882
4424 36134
4424 36477
4424 36731
4439 10847
4439 14999
4439 20066
4439 31895
4439 33516
4439 35593
4439 36794
4455 16425
4455 16544
4455 19029
4455 24060
4455 25803
4455 30631
4455 31735
4455 31815
4455 31857
4455 31902
4456 5158
4456 7498
4456 8048
4456 9254
4456 10427
4456 11297
4456 17388
4456 23053
4456 36023
4456 36529
4487 4866
4487 6675
4487 24175
4487 33840
4487 34287
4518 6387
4518 6627
4518 8291
4518 9700
4518 14105
4518 14638
4518 15079
4518 24316
4518 28079
4518 31172
4518 33543
4518 36305
4518 36896
4720 15072
4720 16169
4720 22866
4720 23639
4720 32293
4720 34798
4720 35504
4733 10768
4733 25803
4733 30631
4733 31815
4733 31902
4738 6617
4738 8064
4738 9457
4738 22730
4738 27238
4738 27381
4738 28890
4738 31101
4766 5059
4766 5532
4766 6350
4766 15188
4766 18621
4766 21477
4766 22209
4766 24565
4766 36731
4768 14911
4768 15961
4768 18751
4768 20075
4768 21055
4768 28002
4768 28174
4768 31108
4768 33159
4768 33358
4768 37043
4823 15970
4823 16181
4823 18078
4823 18884
4823 30485
4866 5370
4866 6675
4866 20291
4866 23544
4866 24175
4866 31066
4866 33470
4866 33840
4866 34287
4866 35550
4917 9138
4917 14911
4917 15961
4917 16155
4917 19803
4917 20075
4917 21055
4917 21164
4917 22382
4917 30505
4917 31108
4917 33358
4928 9138
4928 14911
4928 33358
4971 4972
4971 5147
4971 5802
4971 9929
4971 15649
4971 16369
4971 18850
4971 19222
4971 22518
4971 25480
4971 32478
4971 36035
4971 36987
4972 5147
4972 5802
4972 9929
4972 15649
4972 16313
4972 18850
4972 19222
4972 32478
4972 36035
4972 36987
4978 6617
4978 8064
4978 22730
4978 24409
4978 25353
4978 27238
4978 27381
4978 28890
4978 31101
4978 31485
4978 31808
4978 33307
5020 5778
5020 10730
5020 23253
5020 28270
5020 33635
5026 23551
5026 28010
5026 32273
5059 5532
5059 6057
5059 6350
5059 6645
5059 6924
5059 8283
5059 9265
5059 9475
5059 9781
5059 10411
5059 10572
5059 12398
5059 12557
5059 13217
5059 13568
5059 14062
5059 16001
5059 16015
5059 18219
5059 18621
5059 19213
5059 19579
5059 19657
5059 19735
5059 21477
5059 21886
5059 21932
5059 22209
5059 22451
5059 23626
5059 23719
5059 24047
5059 24356
5059 24565
5059 24566
5059 25238
5059 25694
5059 26864
5059 26904
5059 27019
5059 29840
5059 30237
5059 30369
5059 31601
5059 32613
5059 33019
5059 33183
5059 34882
5059 35234
5059 35522
5059 35748
5059 36134
5059 36477
5059 36646
5059 36731
5060 5245
5060 6218
5060 6737
5060 7491
5060 8054
5060 8735
5060 16742
5060 17278
5060 18075
5060 18751
5060 18945
5060 20075
5060 20178
5060 21164
5060 21806
5060 22854
5060 25143
5060 26366
5060 27298
5060 28002
5060 29152
5060 29333
5060 31108
5060 31612
5060 33159
5060 33358
5060 34344
5096 18621
5096 21477
5096 24565
5096 34882
5113 5370
5113 6675
5113 33840
5113 34287
5113 35550
5115 8696
5115 20825
5115 20984
5115 21259
5115 23036
5115 29861
5115 33244
5115 35255
5147 5802
5147 9929
5147 16369
5147 18850
5147 19222
5147 22518
5147 32478
5147 36035
5147 36987
5158 7498
5158 8048
5158 9254
5158 11297
5158 23053
5173 20234
5173 25248
5173 35136
5198 7182
5198 10612
5198 11859
5198 14760
5198 34993
5217 14028
5217 14748
5217 35151
5217 35239
5226 8496
5226 18963
5226 20727
5226 21231
5226 24899
5226 27972
5245 9323
5245 10284
5245 15961
5245 20075
5245 21055
5245 21164
5245 22090
5245 22759
5245 22854
5245 28500
5245 29925
5245 31108
5245 33358
5245 37043
5275 9466
5275 26284
5275 29092
5364 9138
5364 15961
5364 17115
5364 18075
5364 20075
5364 20164
5364 20178
5364 21055
5364 21164
5364 22854
5364 28002
5364 28174
5364 31108
5364 33358
5364 37043
5370 6675
5370 14136
5370 23544
5370 24175
5370 31066
5370 33470
5370 33840
5370 34287
5370 35550
5434 6675
5434 24175
5434 33840
5434 34287
5434 35550
5441 9878
5441 12797
5441 27622
5441 31804
5441 33176
5470 18087
5470 23169
5470 30781
5470 34138
5502 7201
5502 12646
5530 6875
5530 8091
5530 8983
5530 9040
5530 14799
5530 16010
5530 16254
5530 20261
5530 21096
5530 30444
5530 31625
5530 35846
5530 36851
5532 6057
5532 6350
5532 6645
5532 8283
5532 9265
5532 9383
5532 9781
5532 10411
5532 12398
5532 12557
5532 13033
5532 13568
5532 14062
5532 15188
5532 16015
5532 18219
5532 18621
5532 19247
5532 19735
5532 21477
5532 22209
5532 23719
5532 24047
5532 24356
5532 24565
5532 24566
5532 27019
5532 27123
5532 30237
5532 30369
5532 31601
5532 32613
5532 33019
5532 33183
5532 34882
5532 35522
5532 35748
5532 36477
5532 36731
5535 8792
5535 9235
5535 13111
5535 20870
5535 21111
5535 21215
5535 24166
5535 25060
5535 26132
5535 27435
5535 28287
5535 34335
5535 34358
5535 36572
5544 10287
5544 12631
5544 21414
5544 23169
5544 28094
5544 33784
5544 35622
5549 9139
5549 9466
5549 11164
5549 23938
5549 24117
5549 26284
5549 29092
5549 30264
5549 32220
5616 6293
5616 7479
5616 21357
5616 22282
5616 27732
5616 28146
5616 36638
5661 6097
5661 7403
5661 11891
5661 13577
5661 14568
5661 15847
5661 20345
5661 21266
5661 22688
5661 23094
5661 25128
5661 28118
5661 30291
5661 31973
5661 32576
5661 33142
5661 35967
5661 36482
5689 8009
5689 12843
5689 18791
5689 31895
5689 34531
5689 36794
5723 7908
5723 14314
5723 15362
5723 29597
5723 33873
5756 5911
5756 8263
5756 14934
5756 15967
5756 19360
5778 7381
5778 10730
5778 19389
5778 23253
5778 24889
5778 28270
5778 30234
5778 33635
5802 9929
5802 15649
5802 18850
5802 19222
5802 26561
5802 32478
5802 36035
5802 36987
5818 6508
5818 6676
5818 8432
5818 10705
5818 12346
5818 12889
5818 13068
5818 13144
5818 20672
5818 21140
5818 22828
5818 24421
5818 24934
5818 27732
5818 28724
5818 29015
5818 29335
5818 30407
5818 31104
5818 31933
5818 32719
5818 33874
5818 35263
5818 35701
5830 5942
5830 8884
5830 15463
5830 22117
5830 23487
5844 21140
5844 24188
5844 27732
5844 28146
5844 32140
5844 35027
5860 8209
5860 9664
5860 31531
5860 36023
5860 36529
5862 16400
5862 22975
5862 27547
5862 35371
5862 36773
5877 8220
5877 11748
5877 15072
5877 16169
5877 18380
5877 22866
5877 23639
5877 32293
5881 24996
5881 27285
5881 31797
5881 33684
5881 36210
5886 10707
5886 19565
5886 26679
5886 31814
5901 13844
5901 31013
5901 36801
5905 6978
5905 13068
5905 16391
5905 24992
5905 27670
5905 28724
5905 31576
5905 31586
5905 33943
5911 8263
5911 14934
5911 19360
5916 12185
5916 12195
5916 21823
5916 27922
5916 28457
5916 33833
5916 33952
5916 35953
5942 8884
5942 15463
5942 17554
5942 22117
5942 23487
5942 35702
5942 36034
5942 36220
5955 6263
5955 8605
5955 12425
5955 16313
5955 19085
5955 22380
5955 22518
5955 22886
5955 33614
5963 7307
5963 10853
5963 12473
5963 16930
5963 18087
5963 21610
5963 22450
5963 23330
5963 24946
5963 25782
5963 27348
5963 30781
5963 31468
5963 32034
5963 34138
5963 34236
6002 21023
6002 31531
6002 36023
6024 18191
6024 19135
6024 22071
6024 22150
6024 23869
6024 30068
6024 30876
6024 35904
6029 20200
6029 25148
6029 32794
6057 6350
6057 6645
6057 6924
6057 8283
6057 9265
6057 9383
6057 9475
6057 9781
6057 12398
6057 12557
6057 12792
6057 13033
6057 14062
6057 14495
6057 15188
6057 16001
6057 18219
6057 18621
6057 19213
6057 19247
6057 19735
6057 21477
6057 22209
6057 24565
6057 25694
6057 26864
6057 27019
6057 29840
6057 30237
6057 30369
6057 31601
6057 33019
6057 34882
6057 35748
6057 36134
6057 36477
6057 36731
6070 7491
6070 7820
6070 8086
6070 8285
6070 24647
6070 24940
6097 11891
6097 13577
6097 14568
6097 22688
6097 25128
6097 31973
6097 32576
6097 33142
6129 25244
6129 25288
6129 28763
6129 29514
6129 31485
6202 7201
6202 12646
6218 8735
6218 13914
6237 21266
6263 22886
6293 7973
6293 11287
6293 16686
6293 17093
6293 21140
6293 21357
6293 22282
6293 23037
6293 25460
6293 30139
6293 30407
6293 36079
6293 36961
6350 6924
6350 8283
6350 9383
6350 9475
6350 9781
6350 10572
6350 12398
6350 12557
6350 12792
6350 13568
6350 14062
6350 15188
6350 16001
6350 16015
6350 18219
6350 18621
6350 19213
6350 19247
6350 19579
6350 19657
6350 19735
6350 21477
6350 21932
6350 22209
6350 22451
6350 23626
6350 23719
6350 24047
6350 24565
6350 26864
6350 26904
6350 27019
6350 27123
6350 30237
6350 30369
6350 31601
6350 33019
6350 33183
6350 34882
6350 35234
6350 35522
6350 35748
6350 36477
6350 36731
6387 6627
6387 8291
6387 9437
6387 9700
6387 14105
6387 14638
6387 14756
6387 15079
6387 21795
6387 24316
6387 25882
6387 28079
6387 31172
6387 33543
6387 35920
6387 36305
6387 36896
6494 10663
6494 17565
6494 20818
6494 24636
6494 25882
6494 31056
6494 31444
6494 32218
6494 32579
6494 34544
6508 8432
6508 12346
6508 13144
6508 29335
6508 32534
6508 32719
6512 19565
6512 20413
6512 21436
6512 25188
6512 26167
6512 33157
6536 12185
6536 12195
6536 15829
6536 21823
6536 27922
6536 28457
6536 33833
6617 8064
6617 9457
6617 13797
6617 17441
6617 19280
6617 19440
6617 20452
6617 22840
6617 23646
6617 24318
6617 24409
6617 25353
6617 27238
6617 27381
6617 28763
6617 28864
6617 31101
6617 33307
6617 33776
6618 7491
6618 7820
6618 8086
6618 8285
6618 9390
6618 18945
6618 20178
6618 24647
6618 24940
6627 8291
6627 23057
6627 24316
6627 25882
6627 30797
6627 33543
6627 35920
6627 36305
6627 36896
6645 6924
6645 8283
6645 9475
6645 12398
6645 12557
6645 13568
6645 14062
6645 15188
6645 16001
6645 16015
6645 18621
6645 19247
6645 19579
6645 19735
6645 21477
6645 22209
6645 24047
6645 24565
6645 25694
6645 26904
6645 27123
6645 30237
6645 31601
6645 34882
6645 36134
6645 36477
6645 36646
6675 9878
6675 14136
6675 20291
6675 23544
6675 24175
6675 31066
6675 33840
6675 34287
6675 35550
6676 8432
6676 11287
6676 13144
6676 21051
6676 24421
6676 29015
6676 29787
6676 30139
6676 32719
6676 35263
6719 7381
6719 10516
6719 18058
6719 19389
6719 23758
6719 28113
6719 28425
6719 29315
6719 30525
6719 35662
6737 21055
6752 18637
6752 21730
6752 21876
6752 24450
6752 30604
6752 34892
6776 6878
6776 15309
6776 16500
6776 28223
6796 9515
6796 20977
6796 21725
6796 29112
6796 35379
6812 9304
6812 12195
6812 15829
6812 21823
6812 21875
6812 27922
6812 28457
6812 33833
6812 33952
6875 7803
6875 8091
6875 8983
6875 9040
6875 14577
6875 14799
6875 16010
6875 16254
6875 20261
6875 21096
6875 30444
6875 31625
6875 35846
6875 36851
6878 15041
6878 15309
6878 16500
6878 18956
6878 21864
6878 25609
6878 28223
6878 31081
6916 15847
6916 20450
6916 20844
6916 28138
6916 30642
6924 9475
6924 10572
6924 12591
6924 13217
6924 14062
6924 15188
6924 18219
6924 18621
6924 19247
6924 19657
6924 19735
6924 21477
6924 21886
6924 24047
6924 24565
6924 25238
6924 25694
6924 27019
6924 30237
6924 33183
6924 34882
6924 35748
6924 36134
6924 36477
6924 36731
6940 8220
6940 11748
6940 15072
6940 16169
6940 20124
6940 22827
6940 22866
6940 23639
6940 23683
6940 24124
6940 32293
6940 35504
6940 36633
6978 13068
6978 16391
6978 16881
6978 21876
6978 24992
6978 27670
6978 28724
6978 30604
6978 30873
6978 31576
6978 31586
6978 32534
6978 32719
6978 34030
7071 15035
7071 15427
7071 16821
7071 30629
7095 10867
7095 21436
7095 26167
7182 8682
7182 10612
7182 11859
7182 14760
7182 15847
7182 16298
7182 20759
7182 24582
7182 26569
7182 26766
7182 34993
7186 22286
7186 25288
7186 28763
7186 31485
7201 8209
7201 9664
7201 10427
7201 12646
7201 26249
7201 26679
7201 31531
7201 33049
7201 36023
7266 16883
7266 21720
7307 10853
7307 12473
7307 18087
7307 21610
7307 22450
7307 23330
7307 24946
7307 25782
7307 30781
7307 31468
7307 32034
7307 34138
7307 34236
7313 10002
7313 15698
7313 33990
7313 35343
7313 36779
7381 10066
7381 10516
7381 10730
7381 14369
7381 15273
7381 18058
7381 19389
7381 23253
7381 23758
7381 29315
7381 30234
7381 30525
7381 31249
7381 33635
7381 35824
7381 36655
7383 7491
7383 8086
7383 8285
7383 9390
7383 20178
7383 24647
7383 24940
7403 22688
7403 32576
7403 35967
7418 8735
7418 13914
7418 20178
7418 24114
7418 25937
7418 31162
7479 15967
7479 21140
7479 21357
7479 24188
7479 27732
7479 33657
7491 7820
7491 8054
7491 8066
7491 8086
7491 8285
7491 9390
7491 9803
7491 14137
7491 14143
7491 18945
7491 20178
7491 21055
7491 21992
7491 24197
7491 24647
7491 24940
7491 25836
7491 28500
7491 30054
7491 33159
7491 34620
7491 35752
7498 11297
7498 17388
7625 8499
7625 19313
7625 25848
7625 27182
7625 34074
7787 12481
7787 18888
7787 24117
7787 32220
7803 8091
7803 14577
7803 16254
7803 35846
7809 12843
7820 8086
7820 8285
7820 14143
7820 21992
7820 24940
7908 11328
7908 13128
7908 14314
7908 15362
7908 26558
7908 29597
7908 32269
7908 33873
7908 36046
7938 10824
7938 12838
7938 20252
7938 25337
7938 30780
7938 31101
7966 13403
7966 13826
7966 18672
7966 24230
7966 29408
7966 30253
7966 35492
7973 15319
7973 21140
7973 23400
7973 24571
7973 31770
8009 12843
8009 18791
8009 31895
8009 34531
8009 36794
8048 17388
8048 23053
8048 33049
8048 36023
8054 8066
8054 8735
8054 16742
8054 18945
8054 27298
8054 29333
8054 31612
8054 34344
8054 35017
8064 9457
8064 22730
8064 24441
8064 27238
8064 27381
8064 28890
8066 16742
8066 29333
8066 31612
8066 34344
8086 9390
8086 20178
8086 24647
8086 24940
8086 30054
8086 35752
8087 9117
8087 12027
8087 26391
8087 30822
8091 8983
8091 14577
8091 16010
8091 16254
8091 20261
8091 21096
8091 28010
8091 30444
8091 31625
8091 35846
8091 36510
8091 36715
8166 10523
8166 15970
8166 16181
8166 16630
8166 18078
8166 18884
8166 30485
8187 9032
8187 20354
8187 23627
8187 25560
8187 26923
8187 27231
8187 30031
8187 31684
8187 34736
8187 36244
8209 9664
8209 10427
8209 10707
8209 13460
8209 15564
8209 16365
8209 17914
8209 21023
8209 22876
8209 23053
8209 24233
8209 24961
8209 26679
8209 31531
8209 33049
8209 34021
8209 36023
8220 11748
8220 11917
8220 15072
8220 16169
8220 22827
8220 22866
8220 32293
8247 20754
8247 36235
8263 14934
8263 15967
8263 19360
8263 32140
8263 35027
8283 12792
8283 14062
8283 15188
8283 18219
8283 18621
8283 24565
8283 30237
8283 36477
8283 36731
8285 9803
8285 14137
8285 18945
8285 21992
8285 24197
8285 24647
8285 25836
8285 30054
8285 34620
8285 35752
8291 21795
8291 24316
8291 33543
8291 36305
8313 17132
8313 31013
8313 35534
8313 36801
8316 8691
8316 9237
8316 9850
8316 12028
8316 25894
8316 28092
8316 29112
8316 33360
8316 34168
8432 8568
8432 12889
8432 13144
8432 29335
8432 31104
8432 32534
8432 33302
8432 33874
8432 35263
8496 9629
8496 18963
8496 24899
8499 19313
8499 19612
8499 25273
8499 25848
8499 27182
8499 34074
8568 13144
8568 32534
8568 35263
8594 9581
8594 12336
8594 27192
8594 29568
8605 10382
8605 12425
8605 16313
8605 19085
8605 22087
8605 22380
8605 22518
8605 22886
8605 29027
8605 33614
8605 36118
8681 9388
8681 9629
8681 18963
8681 20727
8681 24899
8681 27972
8682 11859
8682 14760
8682 26766
8682 34993
8691 9237
8691 9850
8691 11351
8691 12028
8691 14034
8691 25894
8691 26651
8691 28092
8691 33360
8691 34168
8696 18829
8696 20825
8696 20984
8696 21259
8696 21289
8696 23036
8696 24224
8696 29861
8696 33244
8696 35255
8735 13914
8735 16742
8735 20178
8735 25937
8792 9235
8792 13111
8792 20870
8792 21111
8792 21215
8792 24166
8792 25060
8792 26132
8792 28287
8792 34335
8792 34358
8792 36572
8881 15367
8881 18220
8881 19256
8881 19675
8881 24045
8881 29599
8881 30514
8884 23487
8884 36034
8884 36220
8983 9040
8983 14799
8983 16010
8983 16254
8983 21096
8983 30444
8983 31625
8983 35846
8983 36851
9032 20354
9032 25560
9032 26923
9032 27068
9032 27231
9032 30031
9032 31684
9032 34227
9032 34736
9032 36244
9033 9139
9033 9466
9033 11164
9033 12481
9033 17688
9033 23938
9033 24117
9033 26284
9033 29092
9033 30264
9040 20261
9117 12027
9117 26391
9117 30822
9117 35841
9117 36546
9135 9246
9135 11315
9135 16169
9135 32293
9135 34798
9138 14911
9138 15961
9138 17515
9138 17809
9138 18075
9138 20075
9138 20178
9138 21055
9138 21164
9138 22382
9138 22854
9138 29152
9138 30505
9138 31074
9138 31108
9138 33358
9139 9466
9139 11164
9139 26284
9139 29092
9235 13111
9235 20870
9235 21111
9235 21215
9235 24166
9235 25060
9235 26132
9235 34144
9235 34335
9235 36572
9237 11351
9237 12028
9237 25894
9237 26651
9237 28092
9237 29112
9237 33360
9237 34168
9246 11315
9246 15496
9246 16169
9246 22866
9246 25385
9246 34798
9253 9323
9253 17278
9253 19997
9253 21055
9253 24523
9253 29135
9253 29463
9253 33536
9253 34905
9254 23053
9265 14062
9265 15188
9265 18621
9265 19735
9265 21477
9265 22209
9265 30237
9265 36477
9304 10517
9304 12185
9304 12195
9304 12544
9304 15171
9304 15251
9304 15829
9304 18403
9304 18555
9304 19738
9304 20219
9304 20423
9304 21280
9304 21823
9304 21875
9304 22913
9304 26375
9304 27922
9304 28457
9304 33833
9304 33952
9304 35953
9323 13417
9323 17278
9323 18075
9323 18751
9323 19920
9323 20075
9323 20164
9323 21055
9323 21164
9323 21933
9323 25184
9323 28002
9323 31108
9323 33358
9383 9475
9383 12398
9383 15188
9383 21477
9383 22209
9383 34882
9383 36477
9388 9629
9388 13250
9388 17963
9388 20234
9388 20727
9388 34032
9388 34170
9388 34454
9390 18945
9390 20178
9390 21992
9390 24647
9390 24940
9390 30054
9390 34620
9390 35752
9437 9700
9437 21795
9437 33543
9437 36305
9437 36896
9457 24409
9457 27238
9457 27381
9457 28890
9457 31101
9457 31485
9466 11164
9466 23938
9466 26284
9466 29092
9466 32220
9475 12398
9475 12591
9475 12792
9475 13033
9475 13568
9475 14062
9475 15188
9475 16015
9475 18621
9475 19247
9475 19735
9475 21477
9475 22209
9475 24047
9475 24565
9475 25238
9475 25694
9475 30237
9475 31601
9475 34882
9475 36134
9475 36477
9475 36731
9515 9850
9515 12028
9515 20544
9515 20977
9515 21725
9515 28092
9515 29112
9581 12646
9581 27192
9629 10936
9629 11968
9629 13250
9629 17963
9629 18402
9629 18737
9629 18963
9629 20727
9629 20972
9629 24899
9629 27972
9653 17787
9653 33160
9653 33479
9653 35172
9653 35849
9664 10427
9664 13723
9664 16365
9664 23053
9664 24233
9664 26679
9664 31531
9664 36023
9700 13673
9700 14105
9700 14638
9700 15079
9700 21795
9700 23863
9700 24316
9700 29087
9700 31172
9700 33543
9700 35920
9700 36896
9702 13360
9702 15805
9702 29711
9781 12591
9781 12792
9781 14062
9781 15188
9781 18219
9781 18621
9781 21477
9781 22209
9781 24565
9781 29840
9781 36477
9781 36731
9803 14137
9803 18945
9803 24197
9819 18191
9819 21217
9819 22071
9819 22150
9819 23869
9819 30068
9819 30876
9819 35904
9850 12028
9850 20977
9850 25894
9850 29112
9878 12797
9878 14362
9878 24175
9878 27622
9878 31804
9878 33176
9878 33840
9929 16369
9929 18850
9929 19222
9929 32478
9929 36035
9929 36987
9996 12896
9996 18535
9996 19765
9996 27137
10002 15698
10002 27974
10002 33990
10002 35343
10007 10174
10007 10768
10007 10847
10007 17557
10007 17610
10007 18582
10007 23605
10007 31735
10007 31895
10007 32722
10007 33516
10034 18737
10034 24899
10066 15273
10066 19224
10066 23758
10066 26557
10066 28113
10066 30234
10066 30525
10174 10847
10174 17610
10174 18582
10174 31735
10174 33516
10276 17167
10276 21266
10284 15961
10284 28500
10287 12631
10287 21414
10287 31531
10287 33784
10382 16313
10411 15188
10411 18219
10411 18621
10423 17167
10423 21266
10423 34993
10427 13460
10427 13723
10427 15523
10427 16365
10427 17388
10427 17914
10427 23053
10427 24233
10427 26270
10427 26679
10427 30391
10427 31531
10427 33049
10427 34021
10427 36023
10427 36529
10516 19389
10516 30234
10516 35824
10516 36655
10517 12185
10517 12195
10517 15171
10517 15829
10517 21823
10517 21875
10517 27922
10517 28457
10517 33833
10523 15970
10523 18884
10523 30485
10523 31835
10540 10705
10540 13730
10540 17475
10540 23574
10540 24123
10540 31994
10540 32534
10572 12792
10572 13568
10572 14062
10572 15188
10572 18621
10572 19735
10572 21477
10572 24565
10572 25238
10572 30237
10572 34882
10572 36134
10572 36477
10572 36731
10587 20672
10587 22828
10587 35701
10612 11859
10612 18873
10612 34993
10663 25882
10663 28191
10663 32218
10705 12346
10705 13144
10705 17475
10705 31933
10705 31994
10705 32534
10705 32719
10705 35263
10707 15523
10707 19565
10707 24233
10707 26679
10707 31531
10707 33049
10707 36023
10730 19389
10730 30525
10730 33635
10768 10847
10768 16425
10768 17557
10768 17610
10768 18117
10768 18152
10768 18582
10768 25803
10768 30631
10768 31735
10768 31815
10768 31857
10768 33340
10768 35593
10824 20252
10824 30780
10824 31101
10847 14999
10847 17557
10847 17610
10847 18117
10847 18582
10847 23605
10847 31735
10847 31857
10847 31895
10847 33516
10847 35593
10853 12473
10853 16930
10853 18087
10853 21003
10853 21610
10853 22450
10853 23330
10853 24946
10853 25782
10853 27348
10853 30781
10853 31468
10853 32034
10853 34138
10853 34236
10867 21436
10867 26167
10914 16881
10914 29827
10914 32989
10936 18963
10936 24899
11090 13360
11090 15805
11090 29711
11164 17688
11164 20415
11164 23938
11164 26284
11164 29092
11164 30977
11164 32220
11183 26391
11183 36546
11287 21140
11287 22282
11287 29015
11287 29787
11287 36079
11287 36961
11297 17388
11315 15496
11315 16169
11315 16837
11315 25385
11315 34798
11328 33873
11351 25894
11351 28092
11351 33360
11351 34168
11524 18621
11524 24047
11524 30237
11524 33019
11524 34882
11524 35748
11629 20672
11629 35701
11629 36481
11748 11917
11748 15072
11748 16169
11748 22827
11748 22866
11748 25385
11748 32293
11748 35504
11748 36633
11859 14760
11859 18873
11859 24582
11859 34993
11866 12646
11866 17368
11891 13577
11891 14568
11891 22688
11891 23094
11891 30291
11891 32576
11891 33142
11891 35967
11917 15072
11917 16169
11917 22827
11917 22866
11917 24124
11917 32293
11917 34798
11968 18402
11968 18963
11968 20727
11968 25248
11968 27972
11968 35136
11980 15046
11980 17115
11980 17809
12024 12896
12024 18535
12024 19765
12024 30123
12024 31156
12024 37029
12027 18505
12027 26391
12027 30822
12027 35841
12027 36546
12028 14034
12028 20544
12028 25894
12028 28092
12028 29112
12028 33360
12028 34168
12028 35379
12185 12195
12185 12544
12185 15829
12185 18403
12185 18555
12185 19738
12185 20219
12185 21280
12185 21823
12185 21875
12185 22913
12185 26375
12185 27922
12185 28457
12185 33833
12185 33952
12185 35953
12195 12544
12195 15171
12195 15251
12195 15829
12195 18403
12195 18555
12195 19738
12195 20219
12195 20423
12195 21280
12195 21823
12195 21875
12195 22913
12195 26375
12195 27922
12195 28457
12195 33833
12195 33952
12195 35287
12195 35953
12275 29827
12275 30604
12336 12646
12336 27192
12346 13144
12346 33874
12398 12557
12398 13033
12398 13568
12398 14062
12398 15188
12398 18621
12398 19247
12398 19735
12398 21477
12398 22209
12398 24047
12398 24356
12398 24565
12398 24566
12398 30237
12398 31601
12398 34882
12398 36477
12398 36731
12425 16313
12425 22886
12473 14558
12473 18087
12473 21610
12473 22450
12473 23169
12473 23330
12473 30781
12473 32034
12473 34138
12481 17688
12481 18382
12481 18888
12481 24117
12481 30128
12481 30977
12481 32220
12544 15251
12544 15829
12544 18555
12544 21823
12544 21875
12544 26375
12544 27922
12544 28457
12544 33833
12557 12792
12557 14062
12557 15188
12557 18219
12557 18621
12557 19735
12557 22209
12557 24565
12557 36477
12557 36646
12557 36731
12591 15188
12591 18219
12591 19213
12591 19247
12591 19579
12591 19735
12591 21932
12591 22209
12591 22451
12591 24047
12591 24565
12591 25694
12591 33183
12591 34882
12591 35748
12631 21414
12631 28094
12631 31531
12631 33784
12631 35622
12646 17368
12646 27192
12646 29568
12792 13568
12792 15188
12792 16001
12792 18219
12792 18621
12792 19579
12792 19657
12792 21477
12792 21932
12792 22209
12792 23626
12792 23719
12792 24047
12792 24356
12792 24565
12792 26864
12792 27019
12792 30369
12792 31601
12792 32613
12792 33019
12792 33183
12792 35234
12792 35522
12792 36731
12797 13012
12797 27622
12797 31804
12797 33176
12838 20252
12838 27149
12838 30780
12838 31101
12843 18791
12843 31895
12843 34531
12843 36794
12889 13144
12889 33302
12896 18535
12896 19765
12896 27137
12896 31156
13012 14362
13012 27622
13012 31804
13012 33176
13033 13568
13033 15188
13033 22209
13033 32613
13033 34882
13033 36477
13068 13144
13068 16391
13068 16881
13068 24992
13068 27670
13068 28724
13068 30873
13068 31576
13068 31586
13068 32534
13068 32719
13068 34030
13068 35263
13111 20870
13111 21111
13111 21215
13111 24166
13111 25060
13111 28287
13111 34144
13111 34335
13111 34358
13111 36572
13128 14314
13128 26558
13128 29597
13128 32269
13128 33873
13128 36046
13144 16391
13144 21876
13144 24421
13144 28724
13144 29015
13144 29335
13144 30139
13144 32534
13144 33302
13144 33874
13144 35263
13217 14062
13217 15188
13217 18219
13217 18621
13217 30237
13217 36134
13250 17963
13250 22642
13250 25294
13250 30390
13250 34032
13250 34170
13250 34793
13250 36057
13328 13342
13328 13844
13328 17369
13342 13844
13342 17369
13360 15348
13360 15805
13360 24030
13360 29711
13360 32332
13360 35418
13403 18672
13403 24230
13403 29408
13403 30253
13403 35492
13417 25184
13460 13723
13460 16365
13460 22876
13460 24233
13460 31531
13460 36023
13568 14062
13568 15188
13568 18219
13568 18621
13568 19247
13568 19657
13568 21477
13568 22209
13568 24047
13568 25694
13568 27019
13568 29840
13568 30237
13568 33183
13568 34882
13568 35748
13568 36477
13568 36731
13577 14568
13577 22688
13577 24079
13577 28118
13577 30291
13577 31973
13577 33142
13646 16391
13646 31586
13673 21795
13673 36896
13723 15523
13723 15564
13723 17914
13723 20687
13723 21023
13723 22876
13723 24233
13723 31531
13723 33049
13723 36023
13723 36529
13797 17441
13797 22840
13797 25353
13797 31101
13797 31399
13797 33307
13815 29827
13815 32075
13815 32989
13826 24230
13826 29408
13826 30253
13826 35492
13844 16852
13844 17369
13844 21067
13844 31013
13844 35534
13844 36801
13914 25937
14028 14748
14028 17982
14028 28691
14028 35151
14028 35239
14028 36961
14034 25894
14034 33360
14050 15698
14050 27974
14050 33990
14062 15188
14062 18219
14062 18621
14062 19213
14062 19247
14062 19579
14062 21477
14062 21886
14062 21932
14062 22209
14062 23626
14062 24047
14062 24356
14062 24565
14062 24566
14062 26864
14062 26904
14062 27019
14062 27123
14062 30369
14062 31601
14062 32613
14062 33019
14062 34882
14062 35234
14062 35748
14062 36477
14062 36646
14062 36731
14105 14638
14105 23863
14105 28079
14105 29087
14105 31172
14105 33543
14105 35920
14105 36305
14136 24175
14136 31066
14137 18945
14137 24197
14143 24647
14143 24940
14143 30054
14143 35021
14224 15260
14224 20672
14224 20975
14224 22828
14224 25447
14224 28951
14224 31104
14224 31933
14224 36481
14314 15362
14314 26558
14314 29597
14314 32269
14314 33873
14314 36046
14362 31804
14362 33176
14369 15273
14369 19389
14369 29315
14369 30234
14495 18621
14495 21477
14495 24356
14495 24565
14495 34882
14495 35748
14558 21610
14558 34138
14568 22688
14568 25128
14568 31973
14568 32576
14568 33142
14568 36482
14577 16010
14577 16254
14577 31625
14577 35846
14577 36510
14638 21795
14638 24316
14638 25882
14638 26899
14638 28079
14638 28191
14638 33543
14638 35920
14638 36305
14638 36896
14686 35846
14686 36715
14748 17982
14748 35151
14748 36961
14760 16298
14760 18873
14760 20759
14760 34993
14799 16010
14799 16254
14799 20261
14799 31625
14799 33551
14911 15961
14911 17278
14911 19803
14911 20178
14911 21164
14911 22382
14911 28002
14911 28174
14911 29152
14911 30505
14911 31074
14911 31108
14911 33358
14911 33362
14911 37043
14934 15967
14934 19360
14934 21140
14934 21730
14934 23400
14934 26791
14934 27732
14934 30407
14934 31770
14934 35027
14999 20066
14999 33516
15035 15427
15035 16821
15035 18337
15035 30629
15035 31101
15035 36210
15041 16500
15041 21864
15041 28223
15046 17115
15046 17809
15046 21164
15046 37043
15072 15496
15072 16169
15072 16837
15072 18380
15072 22827
15072 22866
15072 23639
15072 24124
15072 25385
15072 32293
15072 34798
15072 36633
15079 36305
15171 15829
15171 21823
15171 27922
15171 28457
15171 33833
15188 16015
15188 18219
15188 18621
15188 19213
15188 19247
15188 19579
15188 19657
15188 19735
15188 21477
15188 21886
15188 21932
15188 22209
15188 23626
15188 23719
15188 24047
15188 24565
15188 24566
15188 25238
15188 25694
15188 26864
15188 26904
15188 27019
15188 27123
15188 29840
15188 30237
15188 30369
15188 31601
15188 33183
15188 34882
15188 35522
15188 35748
15188 36477
15188 36646
15188 36731
15251 15829
15251 21823
15251 21875
15251 27922
15251 28457
15251 33833
15260 28951
15260 31104
15260 31933
15260 35683
15273 18058
15273 19224
15273 19389
15273 23758
15273 26557
15273 28113
15273 29315
15273 30234
15273 31249
15273 35662
15309 16500
15309 21864
15309 25609
15309 28223
15309 31081
15319 17093
15319 21140
15319 21730
15319 21876
15319 23400
15319 24571
15319 26791
15319 30407
15319 30604
15319 34696
15348 15805
15348 29711
15362 26558
15367 18220
15367 19256
15367 19675
15367 24045
15367 26775
15367 29599
15367 30514
15367 34066
15427 16821
15427 18337
15427 20452
15427 30629
15427 31101
15427 36210
15463 17554
15463 22117
15463 35702
15463 36220
15496 16169
15496 22827
15496 25385
15496 34798
15523 16365
15523 22876
15523 24233
15523 26270
15523 31531
15523 33049
15523 36023
15564 24233
15564 31531
15583 16400
15583 22975
15583 27547
15583 36773
15649 36035
15658 16645
15658 16914
15658 17157
15658 17278
15658 18075
15658 20178
15658 26366
15658 29463
15658 31162
15698 27974
15698 33990
15698 35343
15698 36779
15805 24030
15805 29711
15805 32332
15805 35418
15829 18403
15829 18489
15829 18555
15829 21280
15829 21823
15829 21875
15829 22913
15829 26375
15829 27922
15829 28457
15829 31383
15829 33833
15829 33952
15829 35953
15847 20345
15847 20450
15847 21266
15847 26766
15847 28138
15847 30291
15847 31973
15847 34993
15903 21266
15961 16155
15961 16645
15961 16914
15961 18075
15961 18751
15961 20075
15961 21055
15961 21164
15961 22090
15961 22759
15961 22854
15961 26366
15961 28002
15961 28500
15961 29152
15961 31108
15961 33159
15961 33358
15961 33362
15961 37043
15967 19360
15967 21140
15967 24188
15967 27869
15967 28146
15967 32140
15967 33657
15967 35027
15967 36638
15970 16181
15970 16630
15970 18078
15970 18884
15970 26110
15970 30485
15970 31835
16001 16015
16001 18621
16001 19247
16001 21477
16001 22209
16001 24047
16001 24565
16001 34882
16001 36477
16001 36731
16010 16254
16010 21096
16010 28010
16010 30444
16010 31625
16010 33551
16010 35846
16015 18219
16015 18621
16015 24047
16015 30237
16015 34882
16015 36477
16134 23437
16134 36433
16155 17278
16155 17809
16155 18751
16155 20075
16155 21055
16155 22090
16155 31108
16155 37043
16164 31013
16164 35534
16164 36801
16169 16837
16169 18380
16169 22827
16169 22866
16169 23639
16169 23683
16169 24124
16169 25385
16169 32293
16169 34798
16169 35504
16181 16630
16181 18078
16181 18884
16181 26110
16181 30485
16181 31835
16254 20261
16254 21096
16254 28010
16254 30444
16254 31625
16254 33551
16254 35846
16298 34993
16313 19085
16313 22380
16313 22518
16313 22886
16313 33614
16313 36118
16313 36987
16335 21140
16365 21023
16365 24233
16365 34021
16365 36023
16369 36987
16391 16881
16391 24992
16391 27670
16391 28724
16391 30873
16391 31586
16391 32075
16391 32719
16391 34030
16400 22975
16400 27547
16400 30272
16400 30539
16400 32464
16400 35371
16400 35923
16400 36773
16425 31857
16500 18956
16500 21864
16500 25609
16500 28223
16500 31081
16544 25803
16544 31902
16583 17132
16583 17369
16583 21067
16583 23551
16583 31013
16583 35534
16583 36801
16630 18078
16630 18884
16630 30485
16630 31835
16645 16914
16645 17157
16645 17278
16645 18075
16645 20178
16645 21758
16645 26366
16686 21140
16686 22282
16742 18751
16742 21164
16742 21806
16742 29333
16742 35017
16742 37043
16821 18337
16821 20452
16821 30666
16821 31101
16821 36210
16837 34798
16852 17369
16852 31013
16852 35534
16852 36801
16881 24992
16881 27670
16881 28724
16881 30873
16881 31576
16881 31586
16881 32075
16881 32719
16881 32989
16881 34030
16883 21720
16914 17157
16914 18075
16914 26366
16914 29463
16930 21610
16930 22450
16930 34138
16930 34236
17093 21140
17093 21730
17093 23400
17093 25460
17093 26791
17093 31770
17093 34696
17115 17809
17115 21055
17115 21164
17115 22196
17115 22854
17115 29152
17115 37043
17132 17369
17132 18221
17132 21973
17132 23438
17132 23551
17132 29199
17132 31013
17132 34242
17132 35534
17132 36190
17132 36801
17157 17278
17157 18075
17157 20178
17157 26366
17157 29463
17163 28396
17163 31156
17163 35075
17167 21266
17167 29276
17278 18075
17278 18751
17278 20075
17278 21055
17278 21164
17278 22090
17278 22759
17278 22854
17278 25143
17278 26366
17278 28002
17278 28987
17278 29135
17278 29152
17278 29463
17278 31108
17278 33362
17278 37043
17369 21067
17369 31013
17369 35534
17369 36190
17369 36801
17388 23053
17388 33049
17435 24582
17435 25098
17435 26569
17435 34993
17441 33307
17464 20178
17464 25937
17464 31162
17475 23574
17475 24123
17475 31994
17515 18751
17515 20075
17515 21055
17515 21164
17515 28002
17515 29925
17515 33159
17515 33358
17515 37043
17554 36220
17557 17610
17557 18582
17557 31735
17557 33516
17565 18756
17565 20818
17565 24636
17565 25882
17565 26899
17565 28191
17565 31056
17565 32218
17565 32579
17610 18117
17610 18582
17610 23605
17610 25803
17610 31735
17610 32722
17688 30977
17787 23733
17787 33479
17787 35189
17787 35849
17809 21055
17809 21164
17809 29152
17809 31108
17914 26249
17914 26679
17914 31531
17914 33049
17914 36023
17963 18402
17963 18963
17963 20234
17963 34170
17963 34454
17963 35136
17982 35151
18058 19389
18058 23758
18058 28425
18058 30234
18058 30525
18058 31249
18058 35662
18075 20178
18075 21055
18075 21164
18075 26366
18075 29152
18075 29463
18078 18884
18078 30485
18078 31835
18087 21610
18087 22450
18087 23169
18087 23330
18087 25782
18087 27089
18087 30781
18087 31468
18087 32034
18087 34138
18087 34236
18117 31735
18117 33516
18152 25803
18152 31735
18152 31815
18152 31857
18191 21217
18191 23869
18191 30068
18191 30876
18191 33726
18191 35904
18196 28396
18196 31156
18196 35075
18219 18621
18219 19579
18219 19735
18219 21477
18219 21886
18219 22209
18219 22451
18219 23626
18219 23719
18219 24047
18219 24356
18219 24565
18219 24566
18219 26904
18219 27019
18219 29840
18219 30237
18219 31601
18219 32613
18219 33019
18219 34882
18219 35748
18219 36134
18219 36477
18219 36646
18219 36731
18220 19256
18220 19675
18220 24045
18220 29599
18221 23551
18221 31013
18221 35534
18221 36801
18337 30629
18337 31101
18337 31808
18337 36210
18380 22866
18380 23639
18380 32293
18382 23938
18382 24117
18382 29092
18382 30977
18385 35172
18385 35849
18402 18963
18402 20727
18402 25248
18402 34454
18402 35136
18403 18555
18403 21823
18403 21875
18403 28457
18403 33833
18403 33952
18403 35953
18489 18555
18489 19738
18489 21823
18489 28457
18505 30822
18535 19765
18535 27137
18555 21823
18555 28457
18555 33833
18555 35953
18582 31735
18582 31815
18582 31857
18582 33340
18582 33516
18621 19213
18621 19247
18621 19579
18621 19657
18621 19735
18621 21477
18621 21886
18621 21932
18621 22209
18621 22451
18621 23626
18621 23719
18621 24047
18621 24356
18621 24565
18621 24566
18621 25694
18621 26864
18621 26904
18621 27019
18621 27123
18621 29840
18621 30237
18621 30369
18621 31601
18621 32613
18621 33019
18621 33183
18621 34882
18621 35234
18621 35748
18621 36134
18621 36477
18621 36646
18621 36731
18637 21730
18637 21876
18637 23650
18637 24450
18637 30604
18637 34892
18672 24230
18672 29408
18672 30253
18672 35492
18737 18963
18737 20727
18737 24899
18737 27972
18751 20075
18751 21055
18751 21164
18751 22090
18751 22854
18751 28002
18751 29152
18751 31108
18751 33358
18751 37043
18756 20818
18756 28191
18791 36794
18829 20825
18829 20984
18829 21289
18829 23036
18829 29861
18829 33244
18829 35255
18850 19222
18850 25480
18850 32478
18850 36035
18850 36987
18873 20759
18873 24582
18873 26569
18873 26766
18873 31292
18873 34993
18884 26110
18884 30485
18884 31835
18888 24117
18888 29092
18888 30128
18888 32220
18945 24197
18945 33159
18956 21864
18956 25609
18956 31081
18963 19786
18963 20727
18963 20972
18963 21231
18963 24899
19029 25803
19029 31815
19029 31857
19085 22087
19085 22380
19085 22518
19085 22886
19085 29027
19085 33614
19135 23869
19135 35904
19213 19735
19213 22209
19213 24565
19213 30237
19213 34882
19213 36477
19213 36731
19222 26561
19222 36035
19222 36987
19224 19389
19224 23758
19224 26557
19224 28113
19224 30525
19247 19735
19247 21477
19247 22209
19247 24565
19247 25694
19247 26904
19247 29840
19247 34882
19247 36134
19247 36477
19256 19675
19256 24045
19256 29599
19256 30514
19280 20452
19280 25353
19280 33307
19313 19612
19313 25848
19313 27182
19389 20910
19389 24889
19389 26557
19389 28113
19389 28425
19389 29315
19389 30234
19389 30525
19389 31249
19389 33635
19389 35662
19389 35824
19389 36224
19389 36655
19440 20452
19565 21436
19565 26679
19565 31814
19565 33157
19579 30237
19579 36134
19579 36477
19612 25848
19625 23574
19625 24123
19657 21477
19657 22209
19657 24565
19657 29840
19657 33183
19657 34882
19657 36477
19675 24045
19675 26775
19675 29599
19675 30514
19675 34066
19735 21477
19735 21932
19735 22209
19735 23626
19735 24047
19735 24356
19735 24565
19735 25694
19735 27019
19735 29840
19735 30237
19735 31601
19735 32613
19735 33019
19735 33183
19735 34882
19735 35522
19735 35748
19735 36477
19735 36646
19735 36731
19738 21823
19738 27922
19738 28457
19738 31383
19738 33833
19738 35953
19765 27137
19786 24899
19803 21055
19803 33358
19920 21933
19920 25184
19997 24523
20075 20164
20075 21055
20075 21164
20075 22090
20075 22759
20075 22854
20075 23220
20075 25143
20075 28002
20075 28174
20075 28500
20075 28987
20075 29152
20075 29925
20075 31108
20075 33159
20075 33358
20075 33362
20075 37043
20124 22827
20124 22866
20124 32293
20124 36633
20164 21164
20164 31108
20178 21758
20178 24114
20178 25937
20178 26366
20178 28002
20178 29152
20178 29333
20178 30054
20178 31162
20200 25148
20200 28396
20200 31156
20200 32794
20219 28457
20219 33833
20234 25248
20234 35136
20234 36057
20252 27149
20252 31101
20261 30444
20261 31625
20261 33551
20261 35846
20291 24175
20291 33470
20291 33840
20291 34287
20291 35550
20345 20450
20345 28138
20345 30642
20354 25560
20354 30031
20354 34736
20413 21436
20413 26167
20415 23938
20415 29092
20423 28457
20423 33833
20450 20844
20450 28138
20450 30642
20452 23646
20452 25353
20452 27381
20452 28864
20452 31101
20452 33307
20544 20977
20544 21725
20544 29112
20544 35379
20672 22828
20672 35701
20672 36481
20687 22876
20687 24233
20687 36023
20727 20972
20727 24899
20727 27972
20754 21605
20754 27180
20754 31013
20754 36235
20759 26569
20759 26766
20759 34993
20818 24636
20818 25882
20818 26899
20818 28191
20818 31056
20818 32218
20825 20984
20825 21259
20825 21289
20825 23036
20825 24224
20825 29861
20825 33244
20825 35255
20844 28138
20870 21111
20870 21215
20870 23290
20870 24166
20870 25060
20870 26132
20870 27435
20870 28287
20870 34144
20870 34335
20870 34358
20870 36572
20910 30234
20910 35824
20910 36224
20975 31933
20977 21725
20977 22150
20977 23869
20977 28092
20977 29112
20977 35379
20977 35904
20984 21259
20984 21289
20984 23036
20984 24224
20984 29861
20984 33244
20984 35255
21001 22879
21001 28096
21003 31468
21003 32034
21023 22876
21023 23053
21023 24233
21023 31531
21023 36023
21037 29574
21037 33393
21051 24421
21051 30139
21055 21164
21055 22090
21055 22196
21055 22854
21055 23220
21055 25143
21055 28002
21055 28174
21055 28500
21055 28987
21055 29152
21055 31108
21055 33159
21055 33358
21055 33362
21055 37043
21067 31013
21067 35534
21067 36801
21096 31625
21096 33551
21111 24166
21111 25060
21111 26132
21111 28287
21111 34335
21111 34358
21111 36572
21140 21357
21140 21730
21140 22282
21140 23037
21140 24421
21140 25460
21140 27732
21140 28146
21140 29015
21140 29125
21140 29585
21140 30407
21140 30604
21140 34696
21140 35027
21140 36079
21140 36638
21140 36961
21164 22196
21164 22759
21164 22854
21164 28002
21164 28174
21164 28500
21164 28987
21164 29152
21164 29925
21164 31108
21164 33159
21164 33358
21164 37043
21215 23290
21215 24166
21215 25060
21215 26132
21215 34335
21215 34358
21215 36572
21217 22150
21217 30876
21231 24899
21231 27972
21259 21289
21259 23036
21259 29861
21259 33244
21259 35255
21266 26766
21266 27606
21266 29276
21266 34993
21280 21823
21280 21875
21280 27922
21280 28457
21280 33833
21289 23036
21289 24224
21289 29861
21289 33244
21289 35255
21357 22282
21357 28146
21357 29015
21357 32140
21357 36638
21414 23169
21414 28094
21414 31531
21414 33784
21414 35622
21436 25188
21436 26167
21436 33157
21477 22209
21477 22451
21477 23719
21477 24047
21477 24565
21477 24566
21477 25238
21477 27019
21477 27123
21477 29840
21477 30237
21477 30369
21477 31601
21477 33019
21477 33183
21477 34882
21477 35748
21477 36134
21477 36477
21477 36646
21477 36731
21593 23437
21593 26341
21593 27930
21593 31141
21605 27180
21605 31013
21605 36235
21610 22450
21610 23169
21610 23330
21610 25782
21610 27089
21610 30781
21610 31468
21610 32034
21610 34138
21610 34236
21725 28092
21725 29112
21730 21876
21730 23400
21730 23650
21730 24450
21730 26791
21730 30604
21730 31770
21730 32075
21730 34892
21795 24316
21795 28079
21795 31172
21795 35920
21823 21875
21823 26375
21823 27922
21823 28457
21823 33833
21823 33952
21823 35953
21864 25609
21864 28223
21864 31081
21875 27922
21875 28457
21875 33833
21875 33952
21875 35953
21876 23506
21876 23650
21876 24450
21876 30604
21876 32075
21876 34892
21886 26904
21886 30237
21886 34882
21886 36134
21886 36477
21932 24047
21932 24565
21932 33183
21932 36477
21932 36646
21932 36731
21933 25184
21973 31013
21973 35534
21973 36801
21992 24940
21992 30054
21992 35752
22010 27535
22010 30123
22010 31156
22010 37029
22071 30876
22071 35904
22087 22518
22090 22854
22090 28002
22090 31108
22090 33358
22090 37043
22117 23487
22150 23869
22150 26115
22150 30876
22150 35904
22196 22854
22196 28002
22196 37043
22209 23626
22209 24047
22209 24356
22209 24565
22209 25238
22209 25694
22209 29840
22209 30237
22209 30369
22209 31601
22209 33019
22209 33183
22209 34882
22209 35748
22209 36477
22209 36731
22282 29015
22282 30139
22286 25288
22286 31485
22380 22518
22380 22886
22382 33358
22450 23169
22450 23330
22450 25782
22450 27089
22450 30781
22450 32034
22450 34138
22450 34236
22451 34882
22451 36477
22451 36646
22518 22886
22518 32478
22518 33614
22518 36118
22518 36987
22642 25294
22642 34032
22642 34170
22642 34793
22659 27149
22659 30780
22659 31101
22688 24079
22688 25128
22688 28118
22688 32576
22688 33142
22730 24441
22730 27238
22730 27381
22759 31108
22759 33159
22759 37043
22827 22866
22827 23639
22827 23683
22827 24124
22827 32293
22827 34798
22827 35504
22827 36633
22828 35701
22828 36481
22840 24409
22840 27381
22840 33307
22854 28002
22854 28174
22854 28500
22854 29152
22854 31108
22854 33159
22854 33358
22854 37043
22866 23639
22866 23683
22866 24124
22866 32293
22866 34798
22866 36633
22876 36023
22876 36529
22879 28096
22886 33614
22913 28457
22913 33833
22975 27547
22975 30272
22975 30539
22975 35923
22975 36773
23036 29861
23036 33244
23036 35255
23037 30407
23053 26270
23053 34021
23053 36023
23057 24316
23057 30797
23094 30291
23169 23330
23169 25782
23169 30781
23169 33784
23169 34138
23169 34236
23220 31108
23253 33635
23290 24166
23290 28287
23290 34335
23330 24946
23330 25782
23330 27089
23330 27348
23330 30781
23330 31468
23330 32034
23330 34138
23330 34236
23400 31770
23400 34696
23421 24523
23421 29135
23421 34905
23437 26341
23437 31141
23437 36433
23438 34242
23438 35534
23438 36801
23506 29827
23506 30604
23506 32075
23544 24175
23544 31066
23544 33840
23544 34287
23544 35550
23551 28010
23551 29199
23551 32273
23551 35534
23551 36801
23574 24123
23574 31994
23605 33516
23626 24565
23626 29840
23626 34882
23626 36134
23626 36477
23627 27231
23627 30031
23627 34227
23627 36244
23639 24124
23639 32293
23639 34798
23646 25353
23650 24450
23650 29827
23650 30604
23650 32075
23650 34892
23683 32293
23719 30237
23719 36477
23733 33160
23733 35172
23733 35189
23733 35849
23758 26557
23758 28113
23758 28425
23758 30234
23758 30525
23758 31249
23758 35662
23863 35920
23863 36896
23869 30068
23869 30876
23869 33726
23869 35904
23938 24117
23938 26284
23938 29092
23938 30128
23938 30264
23938 30977
23938 32220
24030 29711
24030 32332
24030 35418
24045 29599
24045 30514
24047 24565
24047 25238
24047 25694
24047 26904
24047 29840
24047 30237
24047 34882
24047 35522
24047 36134
24047 36477
24047 36646
24047 36731
24060 25803
24060 31815
24079 28118
24079 30291
24114 25937
24114 31162
24117 30128
24117 30977
24117 32220
24123 31994
24124 32293
24166 27435
24166 28287
24166 34144
24166 34335
24166 34358
24166 36572
24175 31066
24175 33840
24175 34287
24175 35550
24188 27732
24188 27869
24188 28146
24188 32140
24188 33657
24188 35027
24188 36638
24224 29861
24224 33244
24230 29408
24230 30253
24230 35492
24233 26679
24233 31531
24233 33049
24233 36023
24316 28079
24316 30797
24316 31172
24316 33543
24316 35920
24316 36896
24318 24409
24318 28864
24318 31101
24318 31399
24318 33307
24356 24565
24356 26904
24356 30237
24356 33183
24356 36477
24356 36731
24409 25353
24409 27238
24409 27381
24409 28864
24409 31101
24409 31399
24409 31485
24409 31808
24409 33307
24409 33776
24421 29015
24421 29787
24421 30139
24429 31104
24429 31994
24429 35683
24441 27381
24450 30604
24450 32075
24450 34892
24523 29135
24523 33536
24523 34905
24565 24566
24565 25238
24565 25694
24565 26864
24565 26904
24565 30237
24565 30369
24565 31601
24565 33019
24565 33183
24565 34882
24565 35234
24565 35522
24565 35748
24565 36134
24565 36477
24565 36731
24566 30237
24571 26791
24571 31770
24571 34696
24582 26569
24582 34993
24636 25882
24636 26899
24636 28191
24636 31056
24636 32218
24647 24940
24647 25836
24647 30054
24889 28270
24889 30234
24889 35662
24899 27972
24934 31104
24934 31933
24940 30054
24940 34620
24940 35021
24946 25782
24946 34236
24961 26679
24961 31531
24961 36023
24992 27670
24992 28724
24992 29827
24992 30873
24992 31586
24992 32075
24996 31101
24996 33684
24996 36210
25060 28287
25060 34335
25060 34358
25060 36572
25098 26569
25098 34993
25128 32576
25128 33142
25143 28987
25143 31108
25143 37043
25148 32794
25188 26167
25238 30237
25238 34882
25238 35748
25238 36134
25238 36477
25238 36731
25244 28763
25248 34454
25248 35136
25248 36057
25273 25848
25273 34074
25288 28763
25288 29514
25294 30390
25294 34032
25294 34170
25294 36057
25337 30780
25337 31101
25353 27238
25353 28864
25353 31101
25353 31399
25353 33307
25385 34798
25447 31104
25447 31933
25447 35683
25480 36987
25560 27231
25560 30031
25560 34736
25560 36244
25609 28223
25609 31081
25694 30237
25694 34882
25694 36134
25694 36477
25782 27089
25782 27348
25782 30781
25782 31468
25782 32034
25782 34138
25803 30631
25803 31815
25803 31857
25803 31902
25836 35752
25848 27182
25848 34074
25882 26899
25882 28191
25882 31056
25882 32218
25882 32579
25882 33543
25882 36305
25894 26651
25894 28092
25894 33360
25894 34168
25937 31162
26110 30485
26115 30876
26115 35904
26132 34144
26132 34335
26132 34358
26249 26679
26249 31531
26249 33049
26270 36023
26284 29092
26284 30128
26284 30977
26341 27930
26341 31141
26341 36433
26366 29152
26366 29463
26375 27922
26375 28457
26375 33833
26375 33952
26391 30822
26391 35841
26391 36546
26558 29597
26558 33873
26561 36035
26561 36987
26569 34993
26651 28092
26651 33360
26679 31814
26679 33049
26679 36023
26766 34993
26791 30407
26791 34696
26864 36477
26899 28191
26899 31444
26899 32218
26899 32579
26904 30237
26904 33183
26904 34882
26904 36477
26923 27068
26923 27231
26923 30031
26923 31684
26923 34227
26923 34736
26923 36244
27019 30237
27019 34882
27019 36134
27019 36477
27019 36731
27068 27231
27068 30031
27068 34736
27089 30781
27089 31468
27089 32034
27089 34138
27089 34236
27123 30237
27123 36134
27123 36477
27123 36731
27149 30780
27149 31101
27149 31808
27149 36210
27180 31013
27180 36235
27192 29568
27231 30031
27231 34227
27231 34736
27231 36244
27238 27381
27238 28763
27238 28864
27238 28890
27238 31101
27238 31399
27285 31797
27348 34138
27348 34236
27381 28763
27381 28890
27435 28287
27435 34335
27435 34358
27535 30123
27535 31156
27535 37029
27547 30272
27547 30539
27547 32464
27547 35371
27547 35923
27547 36773
27622 31804
27622 33176
27670 28724
27670 30873
27670 31576
27670 31586
27670 32719
27670 34030
27732 30407
27732 32140
27732 33657
27869 33657
27869 35027
27922 28457
27922 31383
27922 33833
27922 33952
27930 31141
27974 33990
27974 35343
27974 36779
28002 28174
28002 28500
28002 29152
28002 29925
28002 31108
28002 33159
28010 31625
28010 32273
28010 35846
28010 36510
28079 33543
28079 35920
28079 36305
28079 36896
28092 29112
28092 33360
28092 34168
28094 33784
28118 31973
28138 30642
28146 32140
28146 33657
28146 36638
28174 28987
28174 31108
28174 33159
28174 33358
28174 37043
28191 31056
28191 31444
28191 32218
28191 32579
28191 35920
28223 31081
28270 33635
28287 34335
28287 36572
28396 31156
28425 30525
28425 35662
28457 33833
28457 33952
28457 35287
28457 35953
28500 33159
28500 33358
28500 37043
28691 35239
28724 29827
28724 30873
28724 31576
28724 31586
28724 32075
28724 32719
28724 33943
28724 34030
28763 31485
28864 31101
28864 31399
28864 33307
28864 33776
28951 31933
28951 35683
28951 36481
28987 29152
28987 29925
28987 31108
28987 37043
29015 29787
29015 30139
29087 36896
29092 30128
29092 30264
29092 30977
29092 32220
29112 35379
29135 29463
29135 33536
29135 34905
29152 29925
29152 31108
29152 33159
29152 33358
29152 37043
29199 31013
29199 35534
29333 31612
29333 34344
29335 32534
29408 30253
29408 35492
29574 33393
29597 32269
29597 33873
29711 32332
29711 35418
29827 30604
29827 30873
29827 32075
29827 32989
29840 30369
29840 31601
29840 33019
29840 33183
29840 35748
29840 36731
29861 33244
29861 35255
29925 31108
29925 33159
29925 33362
29925 37043
30031 34227
30031 34736
30031 36244
30054 34620
30054 35021
30054 35752
30068 33726
30123 31156
30123 37029
30128 30264
30128 30977
30234 30525
30234 31249
30234 35662
30234 35824
30237 30369
30237 31601
30237 32613
30237 33019
30237 33183
30237 34882
30237 35522
30237 35748
30237 36477
30237 36731
30253 35492
30272 36773
30291 31973
30369 36134
30369 36477
30369 36731
30390 34032
30391 31531
30391 33049
30391 36023
30444 31625
30444 35846
30444 36851
30485 31835
30505 33358
30514 34066
30525 31249
30525 35662
30539 35371
30539 36773
30604 32075
30604 32989
30629 31101
30631 31857
30631 31902
30666 31101
30780 31101
30780 31808
30781 34138
30781 34236
30797 33543
30822 35841
30822 36546
30873 31576
30873 31586
30876 35904
31013 34242
31013 35534
31013 36190
31013 36801
31056 32218
31056 32579
31066 33840
31066 34287
31074 33358
31101 31808
31101 33307
31101 33684
31101 33776
31101 36210
31104 31933
31104 31994
31104 33874
31104 35683
31104 36481
31108 33159
31108 33358
31108 33362
31108 37043
31156 35075
31156 37029
31172 33543
31172 35920
31172 36305
31172 36896
31292 34993
31383 33952
31399 33307
31444 32218
31444 32579
31444 34544
31468 32034
31468 34138
31468 34236
31531 33049
31531 34021
31531 36023
31531 36529
31576 31586
31576 32719
31586 32075
31586 32719
31586 33943
31586 34030
31601 36134
31601 36477
31601 36731
31625 33551
31625 35846
31625 36715
31684 36244
31735 31857
31735 31895
31735 32722
31735 33340
31770 34696
31797 33684
31797 36210
31804 33176
31808 33684
31808 36210
31815 31857
31815 33340
31857 31902
31895 34531
31895 36794
31933 31994
31933 33874
31973 32576
31973 33142
31973 34993
31973 36482
31994 35683
32017 33287
32017 33488
32034 34138
32034 34236
32075 32989
32140 33657
32140 35027
32218 32579
32269 33873
32293 34798
32293 35504
32293 36633
32464 35371
32464 36773
32478 36035
32478 36987
32534 32719
32534 33302
32534 35263
32576 33142
32576 35967
32579 34544
32613 36477
32613 36731
32722 33516
33019 33183
33019 34882
33019 36477
33049 34021
33049 36023
33049 36529
33142 36482
33159 33358
33159 37043
33160 33479
33160 35172
33160 35189
33160 35849
33183 36134
33183 36477
33183 36731
33244 35255
33287 33488
33358 37043
33360 34168
33362 37043
33470 33840
33479 35849
33516 35593
33543 35920
33543 36896
33657 36638
33684 36210
33833 33952
33833 35287
33833 35953
33840 34287
33840 35550
33873 36046
33874 35263
33952 35953
33990 35343
33990 36779
34032 34170
34032 34793
34032 36057
34138 34236
34144 34335
34144 36572
34170 34793
34227 34736
34242 35534
34242 36801
34335 34358
34335 36572
34454 35136
34454 36057
34531 36794
34736 36244
34798 35504
34882 35748
34882 36477
34882 36646
34882 36731
35136 36057
35151 36961
35172 35189
35172 35849
35189 35849
35239 36961
35343 36779
35371 35923
35371 36773
35522 36731
35534 36190
35534 36801
35683 36481
35701 36481
35702 36220
35748 36477
35846 36510
35846 36715
35920 36896
35923 36773
36023 36529
36034 36220
36035 36987
36134 36477
36134 36731
36477 36646
36477 36731
36510 36715
36646 36731
